camera.matrix = {
    "elements": [
        0.6112985129013488,
        -2.7755575615628914e-17,
        0.7914001062197297,
        0,
        0.3584910404009193,
        0.8915189958725215,
        -0.27690802435234246,
        0,
        -0.7055482280304203,
        0.4529833109491464,
        0.5449842364001761,
        0,
        -211.66446840912604,
        135.8949932847439,
        163.4952709200528,
        1
    ]
}



camera.matrixWorld ={
    "elements": [
        0.6112985129013488,
        -2.7755575615628914e-17,
        0.7914001062197297,
        0,
        0.3584910404009193,
        0.8915189958725215,
        -0.27690802435234246,
        0,
        -0.7055482280304203,
        0.4529833109491464,
        0.5449842364001761,
        0,
        -211.66446840912604,
        135.8949932847439,
        163.4952709200528,
        1
    ]
}


camera.position = {
    "x": -211.66446840912604,
    "y": 135.8949932847439,
    "z": 163.4952709200528
}


camera.projectionMatrix = {
    "elements": [
        1.7121770021259695,
        0,
        0,
        0,
        0,
        1.3032253728412058,
        0,
        0,
        0,
        0,
        -1.0002000200020003,
        -1,
        0,
        0,
        -0.20002000200020004,
        0
    ]
}


camera.projectionMatrixInverse = {
    "elements": [
        0.5840517649508922,
        0,
        0,
        0,
        0,
        0.7673269879789603,
        0,
        0,
        0,
        0,
        0,
        -4.999499999999999,
        0,
        0,
        -1,
        5.0005
        
    ]
}

camera.quaternion = {
    "isQuaternion": true,
    "_x": -0.20904262760777478,
    "_y": -0.42872959035124825,
    "_z": -0.10267269309108658,
    "_w": 0.8728977238448452
}

camera.rotation = {
    "isEuler": true,
    "_x": -0.6934697055771484,
    "_y": -0.7831964583591369,
    "_z": -0.5303906301128637,
    "_order": "XYZ"
}

























camera.matrix = {
    "elements": [
        0.6112985129013488,
        -2.7755575615628914e-17,
        0.7914001062197297,
        0,
        0.3584910404009193,
        0.8915189958725215,
        -0.27690802435234246,
        0,
        -0.7055482280304203,
        0.4529833109491464,
        0.5449842364001761,
        0,
        -211.66446840912604,
        135.8949932847439,
        163.4952709200528,
        1
    ]
}



camera.matrixWorld ={
    "elements": [
        0.6112985129013488,
        -2.7755575615628914e-17,
        0.7914001062197297,
        0,
        0.3584910404009193,
        0.8915189958725215,
        -0.27690802435234246,
        0,
        -0.7055482280304203,
        0.4529833109491464,
        0.5449842364001761,
        0,
        -211.66446840912604,
        135.8949932847439,
        163.4952709200528,
        1
    ]
}




camera.projectionMatrix = {
    "elements": [
        1.7121770021259695,
        0,
        0,
        0,
        0,
        1.3032253728412058,
        0,
        0,
        0,
        0,
        -1.0002000200020003,
        -1,
        0,
        0,
        -0.20002000200020004,
        0
    ]
}


camera.projectionMatrixInverse = {
    "elements": [
        0.5840517649508922,
        0,
        0,
        0,
        0,
        0.7673269879789603,
        0,
        0,
        0,
        0,
        0,
        -4.999499999999999,
        0,
        0,
        -1,
        5.0005
        
    ]
}


//ORBIT CONTROLS

{
    "x": -51.84342246097927,
    "y": -82.98084293245468,
    "z": 283.5955557722148
}


    "_x": 0.2846565975055706,
    "_y": -0.17368331075614302,
    "_z": 0.05052206591937414,
}